0 -nan(ind) -nan(ind) 0.000000 0.000000 0.000000 70.000000 20.000000 20.000000 1.000000 0
1 30.374434 -107.371666 0.000000 45.000000 0.000000 70.000000 20.000000 20.000000 1.000000 0
2 -20.175541 97.314140 0.000000 0.000000 0.000000 70.000000 20.000000 20.000000 1.000000 0
3 -200.937897 -199.242661 0.000000 -314.812317 0.000000 100.000000 80.000000 80.000000 1.000000 0
4 434.979889 621.811279 0.000000 -199.812317 0.000000 0.000000 159.837219 80.000000 1.000000 0
5 -247.067184 95.246864 0.000000 -449.812317 0.000000 0.000000 159.837219 80.000000 1.000000 0
6 -164.068283 -471.234802 0.000000 -269.812317 0.000000 0.000000 159.837219 80.000000 1.000000 0
7 -200.937897 -199.242661 0.000000 -314.812317 0.000000 0.000000 159.837219 80.000000 1.000000 0
8 -238.215271 370.141785 0.000000 -124.812317 0.000000 100.000000 207.499405 80.000000 1.000000 1
9 1199.326050 -632.263000 0.000000 270.187683 0.000000 100.000000 380.694733 80.000000 4.758684 1
