0 -20.288538 97.854836 0.000000 0.000000 0.000000 70.000000 20.000000 20.000000 1.000000
1 367.281677 539.186035 0.000000 0.000000 0.000000 70.000000 20.000000 20.000000 1.000000
2 -234.172073 448.148621 0.000000 180.187683 0.000000 100.000000 80.000000 80.000000 1.000000
3 555.228088 -4.746529 0.000000 30.187683 0.000000 0.000000 80.000000 80.000000 1.000000
4 675.609619 -5.451562 0.000000 150.187683 0.000000 0.000000 80.000000 80.000000 1.000000
5 803.691467 -27.697229 0.000000 80.187683 0.000000 0.000000 80.000000 80.000000 1.000000
6 939.655273 -51.311874 0.000000 80.187683 0.000000 0.000000 80.000000 80.000000 1.000000
7 1065.767212 -73.215263 0.000000 80.187683 0.000000 0.000000 80.000000 80.000000 1.000000
8 1069.158447 -250.827347 0.000000 5.187683 0.000000 0.000000 80.000000 80.000000 1.000000
9 1083.977905 -414.156677 0.000000 5.187683 0.000000 0.000000 80.000000 80.000000 1.000000
10 1029.437622 -561.611755 0.000000 0.187683 0.000000 0.000000 80.000000 80.000000 1.000000
11 1030.005859 -735.611755 0.000000 0.187683 0.000000 0.000000 80.000000 80.000000 1.000000
12 1030.352051 -841.611755 0.000000 0.187683 0.000000 0.000000 80.000000 80.000000 1.000000
13 535.414673 188.407318 0.000000 150.187683 0.000000 0.000000 80.000000 80.000000 1.000000
14 535.166260 336.407318 0.000000 180.187683 0.000000 0.000000 80.000000 80.000000 1.000000
15 534.870850 512.407288 0.000000 180.187683 0.000000 0.000000 80.000000 80.000000 1.000000
16 534.578735 686.407288 0.000000 180.187683 0.000000 0.000000 80.000000 80.000000 1.000000
17 -234.172073 448.148621 0.000000 180.187683 0.000000 0.000000 80.000000 80.000000 1.000000
18 375.290802 -330.594055 0.000000 35.187691 0.000000 100.000000 80.000000 80.000000 1.000000
19 65.040558 -351.087036 0.000000 -3.688927 0.000000 100.000000 80.000000 80.000000 1.000000
