0 367.281677 539.186035 0.000000 0.000000 0.000000 70.000000 35.431221 20.000000 1.771561
1 -234.172073 448.148621 0.000000 180.187683 0.000000 100.000000 133.431183 80.000000 1.667890
2 555.228088 -4.746529 0.000000 30.187683 0.000000 0.000000 133.431183 80.000000 1.667890
3 675.609619 -5.451562 0.000000 150.187683 0.000000 0.000000 133.431183 80.000000 1.667890
4 803.691467 -27.697229 0.000000 80.187683 0.000000 0.000000 133.431183 80.000000 1.667890
5 939.655273 -51.311874 0.000000 80.187683 0.000000 0.000000 133.431183 80.000000 1.667890
6 1065.767212 -73.215263 0.000000 80.187683 0.000000 0.000000 133.431183 80.000000 1.667890
7 1069.158447 -250.827347 0.000000 5.187683 0.000000 0.000000 133.431183 80.000000 1.667890
8 1083.977905 -414.156677 0.000000 5.187683 0.000000 0.000000 133.431183 80.000000 1.667890
9 1029.437622 -561.611755 0.000000 0.187683 0.000000 0.000000 133.431183 80.000000 1.667890
10 1030.005859 -735.611755 0.000000 0.187683 0.000000 0.000000 133.431183 80.000000 1.667890
11 1030.352051 -841.611755 0.000000 0.187683 0.000000 0.000000 133.431183 80.000000 1.667890
12 535.414673 188.407318 0.000000 150.187683 0.000000 0.000000 133.431183 80.000000 1.667890
13 535.166260 336.407318 0.000000 180.187683 0.000000 0.000000 133.431183 80.000000 1.667890
14 534.870850 512.407288 0.000000 180.187683 0.000000 0.000000 133.431183 80.000000 1.667890
15 534.578735 686.407288 0.000000 180.187683 0.000000 0.000000 133.431183 80.000000 1.667890
16 -234.172073 448.148621 0.000000 180.187683 0.000000 0.000000 133.431183 80.000000 1.667890
