0 315.550629 372.269928 0.000000 -87.812309 0.000000 92.891083 40.000000 116.113853 50.000000 2.322277 1
1 314.458984 171.519241 0.000000 -86.000000 0.000000 88.798439 40.000000 99.898239 45.000000 2.219961 1
2 328.981415 -34.508194 0.000000 -89.456284 0.000000 70.372055 30.000000 105.558075 45.000000 2.345735 1
3 667.592896 228.979477 0.000000 187.575226 0.000000 250.000000 25.000000 140.000000 14.000000 10.000000 1
4 705.761475 945.000244 0.000000 184.247681 0.000000 400.000000 40.000000 140.000000 14.000000 10.000000 1
5 -183.452026 817.115173 -120.000000 24.853851 0.000000 92.440994 40.000000 69.330750 30.000000 2.311025 1
6 174.767258 818.308838 -116.000000 -215.663284 0.000000 90.132126 40.000000 67.599091 30.000000 2.253303 1
7 -1.092210 869.685730 0.000000 1.935146 0.000000 171.012833 30.000000 228.017105 40.000000 5.700428 2



