0 348.514252 149.837234 0.000000 -359.812317 0.000000 47.159424 42.252022 89.291679 80.000000 1.116146 1
1 -402.462616 358.719116 0.000000 380.187683 0.000000 129.249466 87.425705 221.758804 150.000000 1.478392 0
2 -114.399803 433.151520 0.000000 366.311066 0.000000 149.551605 88.338448 253.940857 150.000000 1.692939 0
3 149.975128 462.528320 0.000000 362.543701 0.000000 150.279877 96.668991 233.187302 150.000000 1.554582 0
4 39.788841 -323.946228 0.000000 185.187683 0.000000 77.492760 65.684189 176.966690 150.000000 1.179778 0
5 -164.164261 -336.152039 0.000000 181.311066 0.000000 79.119392 66.715569 177.888138 150.000000 1.185921 0
6 268.134521 -223.683868 0.000000 -502.456299 0.000000 64.712265 59.135651 164.145309 150.000000 1.094302 0
7 -369.816650 -10.534646 0.000000 -168.688934 0.000000 48.367458 43.985210 87.970398 80.000000 1.099630 2
8 344.871246 393.366974 0.000000 300.187683 0.000000 37.659199 40.000000 188.295990 200.000000 0.941480 0
9 -510.420197 199.949158 0.000000 91.311066 0.000000 40.000000 40.000000 200.000000 200.000000 1.000000 0
10 325.202484 -30.357166 0.000000 -107.456284 0.000000 9.381960 40.000000 46.909801 200.000000 0.234549 0
11 344.973694 49.349834 0.000000 276.990723 0.000000 10.636081 40.000000 53.180401 200.000000 0.265902 0
12 -334.767609 -135.944595 0.000000 1011.575195 0.000000 18.461283 40.000000 92.306412 200.000000 0.461532 0
13 -229.203476 -232.683868 0.000000 -209.812317 0.000000 42.047302 40.000000 84.094604 80.000000 1.051183 1
