0 348.514252 149.837234 0.000000 -359.812317 0.000000 47.159439 42.252022 89.291702 80.000000 1.116146 1
1 -396.547638 346.030029 0.000000 385.187683 0.000000 129.249466 87.425705 221.758804 150.000000 1.478392 1
2 -103.208672 418.575409 0.000000 366.311066 0.000000 131.278793 88.338448 222.913345 150.000000 1.486089 1
3 151.128082 434.552063 0.000000 362.543701 0.000000 150.279877 96.668991 233.187302 150.000000 1.554582 1
4 39.788841 -323.946228 0.000000 185.187683 0.000000 77.492760 65.684189 176.966690 150.000000 1.179778 1
5 -164.164261 -336.152039 0.000000 181.311066 0.000000 79.119392 66.715569 177.888138 150.000000 1.185921 1
6 276.395630 -217.656036 0.000000 -502.456299 0.000000 64.712265 59.135651 164.145309 150.000000 1.094302 1
7 -369.816650 -10.534646 0.000000 -168.688934 0.000000 48.367458 43.985210 87.970398 80.000000 1.099630 1
8 349.425476 405.180908 0.000000 315.187683 0.000000 37.659203 40.000000 188.296021 200.000000 0.941480 1
9 -466.589752 198.486420 0.000000 81.311066 0.000000 40.000000 40.000000 200.000000 200.000000 1.000000 1
10 330.927856 -32.151600 0.000000 -107.456284 0.000000 9.381975 40.000000 46.909878 200.000000 0.234549 1
11 344.973694 49.349834 0.000000 276.990723 0.000000 10.636072 40.000000 53.180359 200.000000 0.265902 1
12 -339.502228 -124.062599 0.000000 1006.575195 0.000000 15.567037 40.000000 77.835182 200.000000 0.389176 1
