0 348.514252 149.837234 0.000000 -359.812317 0.000000 47.159424 42.252022 89.291679 80.000000 1.116146 1
1 -394.564301 365.952423 0.000000 380.187683 0.000000 124.156517 87.425705 213.020615 150.000000 1.420137 0
2 -115.466850 443.094452 0.000000 366.311066 0.000000 127.336868 88.338448 216.219894 150.000000 1.441466 0
3 149.398651 476.516449 0.000000 362.543701 0.000000 147.289307 96.668991 228.546875 150.000000 1.523646 0
4 66.805328 -291.722015 0.000000 550.187683 0.000000 72.957893 65.684189 166.610641 150.000000 1.110738 0
5 -133.008759 -323.456238 0.000000 186.311066 0.000000 73.007011 66.715569 164.145355 150.000000 1.094302 0
6 269.566620 -208.538986 0.000000 -502.456299 0.000000 62.162346 59.135651 157.677338 150.000000 1.051182 0
7 -381.672729 48.282337 0.000000 -168.688934 0.000000 48.367458 43.985210 87.970398 80.000000 1.099630 2
8 370.468964 379.529083 0.000000 290.187683 0.000000 37.659199 40.000000 188.295990 200.000000 0.941480 0
9 -465.872040 206.847992 0.000000 86.311066 0.000000 40.000000 40.000000 200.000000 200.000000 1.000000 0
10 325.202484 -30.357166 0.000000 -107.456284 0.000000 11.126263 40.000000 55.631317 200.000000 0.278157 0
11 344.973694 49.349834 0.000000 276.990723 0.000000 10.636081 40.000000 53.180401 200.000000 0.265902 0
12 -366.645752 -116.232910 0.000000 285.000000 0.000000 28.412571 40.000000 142.062851 200.000000 0.710314 0
