0 184.456955 -190.417419 0.000000 -676.456299 0.000000 222.913483 135.000000 57.792385 35.000000 1.651211 2
1 334.712311 334.519928 0.000000 348.490723 0.000000 191.742828 115.000000 58.356514 35.000000 1.667329 2
2 -243.685303 -59.041672 0.000000 111.575218 0.000000 79.720245 45.000000 79.720245 45.000000 1.771561 1
3 -225.318512 196.329773 0.000000 206.853851 -4.000000 42.750999 25.000000 76.951797 45.000000 1.710040 1
4 78.670341 124.632973 0.000000 147.336716 0.000000 30.000000 30.000000 40.000000 40.000000 1.000000 4
5 42.875298 367.242340 4.000000 169.311066 0.000000 193.744751 115.000000 58.965794 35.000000 1.684737 2
6 -120.872482 248.536469 0.000000 293.990723 0.000000 34.500057 23.564003 58.563999 40.000000 1.464100 1
7 -228.498962 822.664429 0.000000 173.575226 0.000000 88.487923 25.000000 159.278259 45.000000 3.539517 1
8 -109.829987 195.959747 0.000000 123.811073 0.000000 40.000000 40.000000 25.000000 25.000000 1.000000 1
9 218.791931 622.645691 52.000000 -8.956280 0.000000 73.869202 25.000000 88.643036 30.000000 2.954768 1
